--------------------
BDMEP - INMET
--------------------
Estação           : XXXXX
Latitude  (graus) : 
Longitude (graus) : 
Altitude  (metros): 
Estação Operante
Inicio de operação: 01/01/1958
Periodo solicitado dos dados: 01/01/1980 a 31/12/2019
Os dados listados abaixo são os que encontram-se digitados no BDMEP
Hora em UTC
--------------------
Obs.: Os dados aparecem separados por ; (ponto e vírgula) no formato txt.
      Para o formato planilha XLS, siga as instruções
--------------------
Estacao;Data;Hora;Precipitacao;TempMaxima;TempMinima;Insolacao;Umidade Relativa Media;Velocidade do Vento Media;
83222;01/01/1980;0000;;31.4;;3.6;75.25;3.066667;
83222;01/01/1980;1200;17.9;;22;;;;
83222;02/01/1980;0000;;30.4;;0.7;67;2.4;
83222;02/01/1980;1200;0;;22.8;;;;
83222;03/01/1980;0000;;29;;0;78.5;3.833333;
83222;03/01/1980;1200;0;;23.6;;;;
83222;04/01/1980;0000;;29.2;21.4;0;93.5;4.5;
83222;04/01/1980;1200;0;;21.4;;;;
83222;05/01/1980;0000;;26.6;;0;91.75;2.4;
83222;05/01/1980;1200;62.8;;21;;;;
83222;06/01/1980;0000;;28;19.8;5.3;91.25;4.5;
83222;06/01/1980;1200;3.4;;19.8;;;;
83222;07/01/1980;0000;;28.8;;4.5;80.25;1.4;
83222;07/01/1980;1200;14.6;;19.9;;;;
83222;08/01/1980;0000;;27.9;;2.1;89.25;2.066667;
83222;08/01/1980;1200;7.5;;20.5;;;;
83222;09/01/1980;0000;;27.8;;2.6;86.75;1.9;
83222;09/01/1980;1200;4.8;;21;;;;
83222;10/01/1980;0000;;30;;4.9;82.5;0.9;
83222;10/01/1980;1200;0.2;;21.8;;;;
83222;11/01/1980;0000;;31.1;;8.6;72.75;1.9;
83222;11/01/1980;1200;0;;22.4;;;;
83222;12/01/1980;0000;;30.4;;4.1;78.25;1.9;
83222;12/01/1980;1200;0;;22.1;;;;
83222;13/01/1980;0000;;31.3;21.6;5.3;85.5;1.4;
83222;13/01/1980;1200;0;;21.6;;;;
83222;14/01/1980;0000;;28.6;;1.5;87;3.066667;
83222;14/01/1980;1200;42.8;;21.7;;;;
83222;15/01/1980;0000;;30.4;;3.8;81.5;2.4;
83222;15/01/1980;1200;9;;23.2;;;;
83222;16/01/1980;0000;;31.2;;8.5;81;3.833333;
83222;16/01/1980;1200;0;;22.2;;;;
83222;17/01/1980;0000;;30.2;;8.5;77.75;3.733333;
83222;17/01/1980;1200;1.5;;22.3;;;;
83222;18/01/1980;0000;;30.2;;7.4;79;3.066667;
83222;18/01/1980;1200;0;;21.6;;;;
83222;19/01/1980;0000;;30.8;;8.8;78;3.733333;
83222;19/01/1980;1200;0;;21.3;;;;
83222;20/01/1980;0000;;30.6;;3;82.25;2.4;
83222;20/01/1980;1200;0.3;;23.4;;;;
83222;21/01/1980;0000;;32.1;;8.6;70.75;1.9;
83222;21/01/1980;1200;0.2;;22.8;;;;
83222;22/01/1980;0000;;31.4;;10.6;73.25;1.9;
83222;22/01/1980;1200;0;;22;;;;
83222;23/01/1980;0000;;31.9;;8.6;78;2.4;
83222;23/01/1980;1200;0;;21.4;;;;
83222;24/01/1980;0000;;31.9;;8.2;75.75;2.4;
83222;24/01/1980;1200;0;;21.8;;;;
83222;25/01/1980;0000;;32;;8.5;72;2.4;
83222;25/01/1980;1200;0;;22.1;;;;
83222;26/01/1980;0000;;32.2;;7.6;73.5;2.4;
83222;26/01/1980;1200;0;;23.1;;;;
83222;27/01/1980;0000;;33;;7.2;70;2.4;
83222;27/01/1980;1200;0;;22.1;;;;
83222;28/01/1980;0000;;33.1;;7.5;71;2.4;
83222;28/01/1980;1200;0;;21.8;;;;
83222;29/01/1980;0000;;29.9;;0.2;90.5;3.066667;
83222;29/01/1980;1200;0.6;;21.6;;;;
83222;30/01/1980;0000;;31.3;21.7;3.4;83.25;2.333333;
83222;30/01/1980;1200;11;;21.7;;;;
83222;31/01/1980;0000;;30.2;;1.6;92.25;2.4;
83222;31/01/1980;1200;32.7;;21.6;;;;
83222;01/02/1980;0000;;29;;2.9;81.25;2.4;
83222;01/02/1980;1200;47;;21.2;;;;
83222;02/02/1980;0000;;31.2;;3.2;78.25;2.4;
83222;02/02/1980;1200;33;;21.4;;;;
83222;03/02/1980;0000;;28.2;;0;91.5;2.4;
83222;03/02/1980;1200;13.3;;22.2;;;;
83222;04/02/1980;0000;;29.6;;1;76;5.933333;
83222;04/02/1980;1200;8.5;;23.2;;;;
83222;05/02/1980;0000;;30;;0;89.25;3.066667;
83222;05/02/1980;1200;25.9;;22.7;;;;
83222;06/02/1980;0000;;24.8;21.7;0;95;2.4;
83222;06/02/1980;1200;18.3;;21.7;;;;
83222;07/02/1980;0000;;29.8;;6;87;2.4;
83222;07/02/1980;1200;11.4;;22.5;;;;
83222;08/02/1980;0000;;26.6;22;0;88.75;2.4;
83222;08/02/1980;1200;1;;22;;;;
83222;09/02/1980;0000;;28;;2.4;88.25;3.066667;
83222;09/02/1980;1200;8.3;;21.8;;;;
83222;10/02/1980;0000;;28.1;;7.7;83;4.5;
83222;10/02/1980;1200;2.6;;21.4;;;;
83222;11/02/1980;0000;;29;;6;79;3.066667;
83222;11/02/1980;1200;0;;20.2;;;;
83222;12/02/1980;0000;;30;;2.3;82.25;2.4;
83222;12/02/1980;1200;0;;22.6;;;;
83222;13/02/1980;0000;;30.6;;5.8;80.25;3.066667;
83222;13/02/1980;1200;0;;22.9;;;;
83222;14/02/1980;0000;;27.8;;1;84.25;3.066667;
83222;14/02/1980;1200;0;;21.6;;;;
83222;15/02/1980;0000;;29;;2.5;83.75;3.066667;
83222;15/02/1980;1200;4.8;;22.7;;;;
83222;16/02/1980;0000;;27;21.6;0.1;90.75;2.3;
83222;16/02/1980;1200;0;;21.6;;;;
83222;17/02/1980;0000;;27.8;;0.3;87.75;3.733333;
83222;17/02/1980;1200;7.2;;21.3;;;;
83222;18/02/1980;0000;;30;;2.3;85.75;2.4;
83222;18/02/1980;1200;2;;21.2;;;;
83222;19/02/1980;0000;;28.8;;0.9;85.25;3.066667;
83222;19/02/1980;1200;54;;21.8;;;;
83222;20/02/1980;0000;;31.4;;6.3;79;2.4;
83222;20/02/1980;1200;0.6;;23;;;;
83222;21/02/1980;0000;;29.5;;0.5;86.5;2.4;
83222;21/02/1980;1200;0.1;;22.1;;;;
83222;22/02/1980;0000;;30.2;;9.5;74;3.166667;
83222;22/02/1980;1200;0;;22;;;;
83222;23/02/1980;0000;;29.6;;7.1;81.25;2.4;
83222;23/02/1980;1200;0.7;;21.8;;;;
83222;24/02/1980;0000;;27.4;21.7;1.3;85;3.066667;
83222;24/02/1980;1200;0;;21.7;;;;
83222;25/02/1980;0000;;30;;8.6;82.5;3.066667;
83222;25/02/1980;1200;6;;20.6;;;;
83222;26/02/1980;0000;;30.2;;5.5;86;2.4;
83222;26/02/1980;1200;0;;21;;;;
83222;27/02/1980;0000;;30.2;;5.9;82.5;3.066667;
83222;27/02/1980;1200;1.2;30.2;21.2;;;;
83222;28/02/1980;0000;;29;;6.5;83;3.066667;
83222;28/02/1980;1200;28.8;;22.2;;;;
83222;29/02/1980;0000;;27.8;;4.6;88;2.966667;
83222;29/02/1980;1200;3.1;;21.2;;;;
83222;01/03/1980;0000;;28.8;;3.7;88.5;4.5;
83222;01/03/1980;1200;0.8;;21.1;;;;
83222;02/03/1980;0000;;29.2;;8.3;84.25;4.5;
83222;02/03/1980;1200;4.1;;21.3;;;;
83222;03/03/1980;0000;;28.8;;3.9;85.5;1.9;
83222;03/03/1980;1200;0.1;;21.2;;;;
83222;04/03/1980;0000;;28.3;;4.9;84.75;1.9;
83222;04/03/1980;1200;14.5;;20.8;;;;
83222;05/03/1980;0000;;28.7;;5.8;86;1.4;
83222;05/03/1980;1200;5;;20.7;;;;
83222;06/03/1980;0000;;28;;4;93;1.9;
83222;06/03/1980;1200;2.5;;20.8;;;;
83222;07/03/1980;0000;;28.8;;5.4;85.5;3.066667;
83222;07/03/1980;1200;5.3;;21.2;;;;
83222;08/03/1980;0000;;27.6;;4.2;87.75;1.9;
83222;08/03/1980;1200;0.4;;21.3;;;;
83222;09/03/1980;0000;;28.4;;4.5;81.75;1.9;
83222;09/03/1980;1200;2.8;;20.6;;;;
83222;10/03/1980;0000;;27.6;;3.8;85.25;2.4;
83222;10/03/1980;1200;1.8;;20.7;;;;
83222;11/03/1980;0000;;29.7;;8.7;83.25;3.066667;
83222;11/03/1980;1200;1.3;;21;;;;
83222;12/03/1980;0000;;29.2;;7.5;84.5;3.733333;
83222;12/03/1980;1200;2.2;;21.4;;;;
83222;13/03/1980;0000;;29.8;;8.6;78.5;3.066667;
83222;13/03/1980;1200;0;;21.8;;;;
83222;14/03/1980;0000;;30.8;;8.4;80;3.066667;
83222;14/03/1980;1200;0;;20.4;;;;
83222;15/03/1980;0000;;28.7;;1;84.75;3.066667;
83222;15/03/1980;1200;0;;21.6;;;;
83222;16/03/1980;0000;;30.8;;7.9;83.25;3.733333;
83222;16/03/1980;1200;0;;21.3;;;;
83222;17/03/1980;0000;;29;;9.3;78.75;3.066667;
83222;17/03/1980;1200;16.2;;21.8;;;;
83222;18/03/1980;0000;;29.1;;5.7;79.75;2.4;
83222;18/03/1980;1200;0;;21;;;;
83222;19/03/1980;0000;;28.4;;7;83.75;1.9;
83222;19/03/1980;1200;0.6;;20.2;;;;
83222;20/03/1980;0000;;27.5;;1.1;86.25;2.4;
83222;20/03/1980;1200;4.8;;21;;;;
83222;21/03/1980;0000;;28.1;;3.3;81.25;2.4;
83222;21/03/1980;1200;0;;21;;;;
83222;22/03/1980;0000;;28.8;;6.1;83.25;1.9;
83222;22/03/1980;1200;0;;21.2;;;;
83222;23/03/1980;0000;;27.9;;3.2;91.5;1.9;
83222;23/03/1980;1200;0;;20.2;;;;
83222;24/03/1980;0000;;29.6;;8.9;79.75;3.066667;
83222;24/03/1980;1200;1.4;;20.8;;;;
83222;25/03/1980;0000;;29.5;;9.7;79.25;3.066667;
83222;25/03/1980;1200;1.1;;21;;;;
83222;26/03/1980;0000;;29.6;;8.9;79.25;3.066667;
83222;26/03/1980;1200;0.9;;21.4;;;;
83222;27/03/1980;0000;;30.3;;9.3;78.5;3.066667;
83222;27/03/1980;1200;0;;21.2;;;;
83222;28/03/1980;0000;;30.2;;8.2;79.25;3.066667;
83222;28/03/1980;1200;0;;20;;;;
83222;29/03/1980;0000;;29.7;;5.3;77.25;3.066667;
83222;29/03/1980;1200;0;;19.8;;;;
83222;30/03/1980;0000;;30.4;;6.5;77.75;2.4;
83222;30/03/1980;1200;0;;19.5;;;;
83222;31/03/1980;0000;;31.1;;9.2;70.25;1.9;
83222;31/03/1980;1200;0;;20.8;;;;
83222;01/04/1980;0000;;30.8;;9.5;73;2.4;
83222;01/04/1980;1200;0;;19.8;;;;
83222;02/04/1980;0000;;31.4;;9.1;78.75;3.066667;
83222;02/04/1980;1200;0;;20.3;;;;
83222;03/04/1980;0000;;30.8;;8.3;78.25;2.4;
83222;03/04/1980;1200;0;;22;;;;
83222;04/04/1980;0000;;30.4;;9.4;73.5;2.4;
83222;04/04/1980;1200;0;;20.7;;;;
83222;05/04/1980;0000;;28.7;;5.2;79.25;2.4;
83222;05/04/1980;1200;0.6;;21.3;;;;
83222;06/04/1980;0000;;30.9;;7.1;76;1.6;
83222;06/04/1980;1200;0;;19.7;;;;
83222;07/04/1980;0000;;31.4;;4.9;78.5;2.4;
83222;07/04/1980;1200;0;;21.5;;;;
83222;08/04/1980;0000;;32.1;;8.9;78.75;1.6;
83222;08/04/1980;1200;0;;22.5;;;;
83222;09/04/1980;0000;;31.4;;8.4;75;2.4;
83222;09/04/1980;1200;0;;23;;;;
83222;10/04/1980;0000;;31;;6.4;75.75;1.9;
83222;10/04/1980;1200;0;;22.2;;;;
83222;11/04/1980;0000;;31.3;;8.9;77;2.4;
83222;11/04/1980;1200;0;;20.9;;;;
83222;12/04/1980;0000;;29.7;;4.3;83.75;1.9;
83222;12/04/1980;1200;0;;23.3;;;;
83222;13/04/1980;0000;;30.9;;8.4;74.5;1.4;
83222;13/04/1980;1200;0;;20.4;;;;
83222;14/04/1980;0000;;31.6;;9.4;78.25;1.9;
83222;14/04/1980;1200;0;;19.7;;;;
83222;15/04/1980;0000;;32.1;;7.6;74.5;1.9;
83222;15/04/1980;1200;0;;21.3;;;;
83222;16/04/1980;0000;;30.6;;8.5;79.25;3.066667;
83222;16/04/1980;1200;0;;21.8;;;;
83222;17/04/1980;0000;;29.9;;7.6;77.25;3.066667;
83222;17/04/1980;1200;0;;21;;;;
83222;18/04/1980;0000;;30.2;;8.8;77.25;3.333333;
83222;18/04/1980;1200;0.7;;21.3;;;;
83222;19/04/1980;0000;;28.4;;7.7;81.5;3.066667;
83222;19/04/1980;1200;4.3;;20.7;;;;
83222;20/04/1980;0000;;27.9;;7;82;3.066667;
83222;20/04/1980;1200;4.1;;21;;;;
83222;21/04/1980;0000;;28.8;;5.5;85.25;3.733333;
83222;21/04/1980;1200;6.2;;20.2;;;;
83222;22/04/1980;0000;;29.2;;8.8;79.5;3.833333;
83222;22/04/1980;1200;3.1;;20.9;;;;
83222;23/04/1980;0000;;27.5;;3.1;87.5;3.733333;
83222;23/04/1980;1200;0.5;;21.2;;;;
83222;24/04/1980;0000;;24.8;20.8;0;93.5;4.4;
83222;24/04/1980;1200;7;;20.8;;;;
83222;25/04/1980;0000;;26.6;;3.9;89.25;3.733333;
83222;25/04/1980;1200;15.8;;19.8;;;;
83222;26/04/1980;0000;;26.4;;5.6;89.5;1.9;
83222;26/04/1980;1200;0;;19.4;;;;
83222;27/04/1980;0000;;24.7;;0.5;85.75;2.4;
83222;27/04/1980;1200;3;;20.1;;;;
83222;28/04/1980;0000;;26.2;;0.7;90;1.9;
83222;28/04/1980;1200;0.3;;20;;;;
83222;29/04/1980;0000;;25.7;;0.5;93.75;1.9;
83222;29/04/1980;1200;2.3;;20.9;;;;
83222;30/04/1980;0000;;27.5;;3.3;93;1.4;
83222;30/04/1980;1200;5.7;;21.1;;;;
83222;01/05/1980;0000;;28.2;;5.4;85;1.9;
83222;01/05/1980;1200;1.5;;20.3;;;;
83222;02/05/1980;0000;;29.9;;7.5;82.5;1.9;
83222;02/05/1980;1200;0;;21;;;;
83222;03/05/1980;0000;;29.3;;7.7;80;1.9;
83222;03/05/1980;1200;0;;19.2;;;;
83222;04/05/1980;0000;;30.1;;7.2;83.5;2.4;
83222;04/05/1980;1200;0;;22;;;;
83222;05/05/1980;0000;;29.7;;5.7;82.75;3.066667;
83222;05/05/1980;1200;0;;21.2;;;;
83222;06/05/1980;0000;;28.5;;7.9;84.5;3.833333;
83222;06/05/1980;1200;3.2;;21.9;;;;
83222;07/05/1980;0000;;28.6;;8.3;82.75;5.266667;
83222;07/05/1980;1200;0;;19.4;;;;
83222;08/05/1980;0000;;28.6;;7.4;84.25;3.066667;
83222;08/05/1980;1200;3.8;;21;;;;
83222;09/05/1980;0000;;27.6;;5.3;90;3.066667;
83222;09/05/1980;1200;2.8;;20.8;;;;
83222;10/05/1980;0000;;27.6;;4.2;89.5;3.066667;
83222;10/05/1980;1200;2.1;;20.4;;;;
83222;11/05/1980;0000;;28.4;;7.1;82;3.066667;
83222;11/05/1980;1200;0.4;;20.8;;;;
83222;12/05/1980;0000;;27.8;;5.8;82.75;2.4;
83222;12/05/1980;1200;0.3;;20.3;;;;
83222;13/05/1980;0000;;27.7;;8.4;84.5;3.066667;
83222;13/05/1980;1200;1.4;;20;;;;
83222;14/05/1980;0000;;26.5;;2.8;88.75;2.4;
83222;14/05/1980;1200;8.3;;19.5;;;;
83222;15/05/1980;0000;;27.8;;5.5;88.5;1.9;
83222;15/05/1980;1200;8.2;;20;;;;
83222;16/05/1980;0000;;27;;5.3;89.75;1.9;
83222;16/05/1980;1200;1.6;;19.8;;;;
83222;17/05/1980;0000;;26.3;;2.6;92;1.9;
83222;17/05/1980;1200;4.2;;21.2;;;;
83222;18/05/1980;0000;;27.8;;9.5;82;2.4;
83222;18/05/1980;1200;2.3;;20;;;;
83222;19/05/1980;0000;;24.8;20.7;0;94;3.066667;
83222;19/05/1980;1200;1.7;;20.7;;;;
83222;20/05/1980;0000;;28.2;;6.8;84.5;3.066667;
83222;20/05/1980;1200;5.6;;20.8;;;;
83222;21/05/1980;0000;;27.2;;2.7;91.25;2.4;
83222;21/05/1980;1200;1.2;;19.5;;;;
83222;22/05/1980;0000;;27.5;;8.1;82.5;3.066667;
83222;22/05/1980;1200;1.1;;20.2;;;;
83222;23/05/1980;0000;;24.7;;0;95.5;2.4;
83222;23/05/1980;1200;2.5;;17.8;;;;
83222;24/05/1980;0000;;25;;2.3;89.75;2.4;
83222;24/05/1980;1200;12.1;;19.5;;;;
83222;25/05/1980;0000;;27.3;;6;86;3.066667;
83222;25/05/1980;1200;0.2;;19.5;;;;
83222;26/05/1980;0000;;26.7;;5.3;88.5;1.9;
83222;26/05/1980;1200;0;;19.5;;;;
83222;27/05/1980;0000;;26.2;;5.9;92.5;2.4;
83222;27/05/1980;1200;3.2;;19.1;;;;
83222;28/05/1980;0000;;25.7;;5;90;1.9;
83222;28/05/1980;1200;9.4;;20;;;;
83222;29/05/1980;0000;;25.9;;3.8;87.5;2.4;
83222;29/05/1980;1200;8.4;;19.6;;;;
83222;30/05/1980;0000;;27;;7;88;2.566667;
83222;30/05/1980;1200;0.5;;19.6;;;;
83222;31/05/1980;0000;;26.3;;1;91;1.4;
83222;31/05/1980;1200;1.2;;19.1;;;;
83222;01/06/1980;0000;;27.5;;7.7;81.75;1.9;
83222;01/06/1980;1200;6;;18.7;;;;
83222;02/06/1980;0000;;26.7;;6.8;83;2.266667;
83222;02/06/1980;1200;0.7;;17.6;;;;
83222;03/06/1980;0000;;28.3;;8.9;83;1.766667;
83222;03/06/1980;1200;0;;18;;;;
83222;04/06/1980;0000;;27.8;;6.6;86;2.4;
83222;04/06/1980;1200;0;;18.3;;;;
83222;05/06/1980;0000;;27.4;;7.2;84.25;3.733333;
83222;05/06/1980;1200;0;;19.4;;;;
83222;06/06/1980;0000;;26.4;;4.4;91.5;3.733333;
83222;06/06/1980;1200;9;;20.8;;;;
83222;07/06/1980;0000;;26.2;;4.4;88;3.066667;
83222;07/06/1980;1200;8.2;;20.6;;;;
83222;08/06/1980;0000;;26.6;;8.6;84.5;4.5;
83222;08/06/1980;1200;2;;19.7;;;;
83222;09/06/1980;0000;;26.4;;7.3;85.25;2.4;
83222;09/06/1980;1200;0.6;;18.3;;;;
83222;10/06/1980;0000;;25.1;;3.6;89.75;3.066667;
83222;10/06/1980;1200;4.3;;19.1;;;;
83222;11/06/1980;0000;;26.2;;7.7;86;2.4;
83222;11/06/1980;1200;2.2;;18.5;;;;
83222;12/06/1980;0000;;25.3;;0.5;89.25;1.4;
83222;12/06/1980;1200;1.9;;19.1;;;;
83222;13/06/1980;0000;;26.6;;6.8;84.25;1.1;
83222;13/06/1980;1200;0.7;;18.6;;;;
83222;14/06/1980;0000;;28.6;;9.5;83.75;1.9;
83222;14/06/1980;1200;0;;17.7;;;;
83222;15/06/1980;0000;;27.7;;5.5;89.75;1.9;
83222;15/06/1980;1200;0;;17.6;;;;
83222;16/06/1980;0000;;25;;2.8;90;2.4;
83222;16/06/1980;1200;17.2;;19.2;;;;
83222;17/06/1980;0000;;24.8;;5;86.5;4.5;
83222;17/06/1980;1200;0;;18.2;;;;
83222;18/06/1980;0000;;25;;2.8;87;4.5;
83222;18/06/1980;1200;3;;19;;;;
83222;19/06/1980;0000;;24.6;;1;94;3.066667;
83222;19/06/1980;1200;6.3;;19.2;;;;
83222;20/06/1980;0000;;25.2;;3;90.5;2.4;
83222;20/06/1980;1200;1.4;;19.9;;;;
83222;21/06/1980;0000;;27.1;;7.9;85;2.4;
83222;21/06/1980;1200;0.2;;19.1;;;;
83222;22/06/1980;0000;;26.8;;7.2;86.25;3.066667;
83222;22/06/1980;1200;0;;19.3;;;;
83222;23/06/1980;0000;;27.6;;7.7;87.25;1.1;
83222;23/06/1980;1200;0.1;;18;;;;
83222;24/06/1980;0000;;27.3;;7;87.75;1.9;
83222;24/06/1980;1200;0;;18.9;;;;
83222;25/06/1980;0000;;27.6;;8.1;87.5;1.6;
83222;25/06/1980;1200;0;;18;;;;
83222;26/06/1980;0000;;27.2;;5.9;88.5;1.6;
83222;26/06/1980;1200;0;;17.8;;;;
83222;27/06/1980;0000;;27.6;;8.1;83.5;1.9;
83222;27/06/1980;1200;0;;19.7;;;;
83222;28/06/1980;0000;;26.7;;5.8;86.25;3.833333;
83222;28/06/1980;1200;0.1;;19.2;;;;
83222;29/06/1980;0000;;26.3;;2.5;91.75;1.6;
83222;29/06/1980;1200;7.1;26.3;18.7;;;;
83222;30/06/1980;0000;;24.9;;6.7;86.25;2.4;
83222;30/06/1980;1200;8.6;;17.6;;;;
83222;01/07/1980;0000;;24.4;;1.6;91.5;2.4;
83222;01/07/1980;1200;2.9;;19.2;;;;
83222;02/07/1980;0000;;26.4;;5.8;86;3.066667;
83222;02/07/1980;1200;0.7;;19.7;;;;
83222;03/07/1980;0000;;26.5;;8.4;85.75;2.4;
83222;03/07/1980;1200;0.1;;18.5;;;;
83222;04/07/1980;0000;;26.6;;8.3;88.25;2.4;
83222;04/07/1980;1200;0;;19.3;;;;
83222;05/07/1980;0000;;26.5;;6.1;87.25;3.066667;
83222;05/07/1980;1200;1;;18.7;;;;
83222;06/07/1980;0000;;21.4;18;0;96;1.9;
83222;06/07/1980;1200;1.7;;18;;;;
83222;07/07/1980;0000;;22;;0.1;86.25;4.5;
83222;07/07/1980;1200;12.9;;18.4;;;;
83222;08/07/1980;0000;;24.7;;9.3;83;3.733333;
83222;08/07/1980;1200;2.8;;17.8;;;;
83222;09/07/1980;0000;;25.3;;5.7;89;3.833333;
83222;09/07/1980;1200;0.2;;16.6;;;;
83222;10/07/1980;0000;;26.1;;6.6;87.5;2.4;
83222;10/07/1980;1200;6.5;;18.3;;;;
83222;11/07/1980;0000;;25.6;;4.9;83.25;3.066667;
83222;11/07/1980;1200;1.6;;19.4;;;;
83222;12/07/1980;0000;;22.5;;0.2;95.25;1.9;
83222;12/07/1980;1200;0.2;;19;;;;
83222;13/07/1980;0000;;24.8;;0.8;92.5;1.9;
83222;13/07/1980;1200;6.9;;19.6;;;;
83222;14/07/1980;0000;;26.4;;2.3;91.75;2.4;
83222;14/07/1980;1200;0.2;;20.2;;;;
83222;15/07/1980;0000;;29;;8.2;81.5;1.1;
83222;15/07/1980;1200;0;;18.8;;;;
83222;16/07/1980;0000;;26.8;;6.7;84.75;4.5;
83222;16/07/1980;1200;0;;20;;;;
83222;17/07/1980;0000;;27;19.6;0;94.25;3.066667;
83222;17/07/1980;1200;12.8;;19.6;;;;
83222;18/07/1980;0000;;28.6;;0.4;94.25;2.4;
83222;18/07/1980;1200;18.4;;18.5;;;;
83222;19/07/1980;0000;;25.6;;2.2;89.5;2.4;
83222;19/07/1980;1200;3.2;;19.2;;;;
83222;20/07/1980;0000;;26.4;;8.2;87.75;3.066667;
83222;20/07/1980;1200;0;;18.6;;;;
83222;21/07/1980;0000;;26.3;;8;83.75;1.9;
83222;21/07/1980;1200;0;;16.7;;;;
83222;22/07/1980;0000;;27;;9;83;1.9;
83222;22/07/1980;1200;0;;16.4;;;;
83222;23/07/1980;0000;;27.3;;8.4;81;1.1;
83222;23/07/1980;1200;0;;17.5;;;;
83222;24/07/1980;0000;;25.6;;8.1;84;3.066667;
83222;24/07/1980;1200;0;;16.7;;;;
83222;25/07/1980;0000;;25.6;;7.7;88.75;2.4;
83222;25/07/1980;1200;5.1;;18.6;;;;
83222;26/07/1980;0000;;26.5;;7.6;84;2.566667;
83222;26/07/1980;1200;0;;17;;;;
83222;27/07/1980;0000;;27.1;;8.6;84.25;1.9;
83222;27/07/1980;1200;0;;17.4;;;;
83222;28/07/1980;0000;;27;;9.2;81.25;2.566667;
83222;28/07/1980;1200;0;;17;;;;
83222;29/07/1980;0000;;26.8;;9.1;79;2.4;
83222;29/07/1980;1200;0;;18;;;;
83222;30/07/1980;0000;;26;;5.4;85.5;1.6;
83222;30/07/1980;1200;0.8;;18;;;;
83222;31/07/1980;0000;;26.6;;4.6;84;2.4;
83222;31/07/1980;1200;0;;17.4;;;;
83222;01/08/1980;0000;;27;;8.5;77;3.733333;
83222;01/08/1980;1200;0;;17.8;;;;
83222;02/08/1980;0000;;25.7;;4.9;84.75;3.833333;
83222;02/08/1980;1200;0.5;;17.8;;;;
83222;03/08/1980;0000;;25;;1.8;92.5;3.733333;
83222;03/08/1980;1200;6.2;;18.4;;;;
83222;04/08/1980;0000;;23.5;;2.5;92;2.4;
83222;04/08/1980;1200;6.8;;17.7;;;;
83222;05/08/1980;0000;;24.3;;3.2;85.25;3.733333;
83222;05/08/1980;1200;8.5;;16.4;;;;
83222;06/08/1980;0000;;25.3;;6.4;80.5;2.566667;
83222;06/08/1980;1200;7;;17.6;;;;
83222;07/08/1980;0000;;26;;4.7;86.75;1.9;
83222;07/08/1980;1200;0;;16.7;;;;
83222;08/08/1980;0000;;26.7;;7.8;82.75;3.066667;
83222;08/08/1980;1200;0.1;;18.1;;;;
83222;09/08/1980;0000;;26.8;;8.6;82.25;2.566667;
83222;09/08/1980;1200;0;;17.7;;;;
83222;10/08/1980;0000;;27;;8.7;82.25;2.566667;
83222;10/08/1980;1200;0;;18.4;;;;
83222;11/08/1980;0000;;26.5;;4.3;83.5;2.4;
83222;11/08/1980;1200;0;;17.8;;;;
83222;12/08/1980;0000;;27;;3.4;82.75;2.4;
83222;12/08/1980;1200;0;;16.6;;;;
83222;13/08/1980;0000;;26.6;;6.1;84.75;3.066667;
83222;13/08/1980;1200;2.5;;19;;;;
83222;14/08/1980;0000;;25.4;;4;84;3.066667;
83222;14/08/1980;1200;1;;17.5;;;;
83222;15/08/1980;0000;;25.6;;3.4;84.5;3.066667;
83222;15/08/1980;1200;3.3;;17.5;;;;
83222;16/08/1980;0000;;24;;2.2;88.25;2.4;
83222;16/08/1980;1200;0.5;;17;;;;
83222;17/08/1980;0000;;27.7;;6.3;88.25;2.566667;
83222;17/08/1980;1200;0.7;;17;;;;
83222;18/08/1980;0000;;28.5;;6.7;82.75;1.1;
83222;18/08/1980;1200;0;;18.1;;;;
83222;19/08/1980;0000;;27.4;;9.7;78;2.4;
83222;19/08/1980;1200;0;;19.1;;;;
83222;20/08/1980;0000;;26;;5.5;86.25;2.566667;
83222;20/08/1980;1200;0;;18.1;;;;
83222;21/08/1980;0000;;27.9;;7.9;81.5;1.4;
83222;21/08/1980;1200;0;;17.4;;;;
83222;22/08/1980;0000;;28.2;;8.5;79.25;3.066667;
83222;22/08/1980;1200;0;;17.9;;;;
83222;23/08/1980;0000;;28.1;;8.8;79.75;3.066667;
83222;23/08/1980;1200;0;;17.1;;;;
83222;24/08/1980;0000;;28.2;;8.6;80.25;1.9;
83222;24/08/1980;1200;0;;17.8;;;;
83222;25/08/1980;0000;;27.5;;9.2;76.5;2.266667;
83222;25/08/1980;1200;0;;16.4;;;;
83222;26/08/1980;0000;;28.6;;8.2;75.25;2.4;
83222;26/08/1980;1200;0;;16.4;;;;
83222;27/08/1980;0000;;28.7;;8.1;76.5;3.066667;
83222;27/08/1980;1200;0;;19.8;;;;
83222;28/08/1980;0000;;27.7;;7.3;81.25;3.066667;
83222;28/08/1980;1200;0;;18.7;;;;
83222;29/08/1980;0000;;20.8;;0;97;5.266667;
83222;29/08/1980;1200;26;;17.8;;;;
83222;30/08/1980;0000;;23.8;;3;91.75;5.166667;
83222;30/08/1980;1200;20.2;;17.4;;;;
83222;31/08/1980;0000;;25.4;;2;89.25;2.4;
83222;31/08/1980;1200;0.9;;18.4;;;;
83222;01/09/1980;0000;;26.5;;7.3;81.5;2.4;
83222;01/09/1980;1200;2.6;;18;;;;
83222;02/09/1980;0000;;27.3;;7.9;81.5;3.066667;
83222;02/09/1980;1200;0;;17.8;;;;
83222;03/09/1980;0000;;27.7;;9.5;79.25;2.4;
83222;03/09/1980;1200;0;;17.6;;;;
83222;04/09/1980;0000;;28.6;;8.3;79.5;1.9;
83222;04/09/1980;1200;0;;18.2;;;;
83222;05/09/1980;0000;;27.9;;8;81.5;3.066667;
83222;05/09/1980;1200;0;;20.3;;;;
83222;06/09/1980;0000;;27.6;;3.2;84.75;3.066667;
83222;06/09/1980;1200;0;;19.4;;;;
83222;07/09/1980;0000;;26;;1.9;89.25;2.4;
83222;07/09/1980;1200;1;;21.2;;;;
83222;08/09/1980;0000;;27.2;;4.8;87.25;3.733333;
83222;08/09/1980;1200;2.4;;19.4;;;;
83222;09/09/1980;0000;;25.4;;4.5;88.75;4.5;
83222;09/09/1980;1200;1.3;;19.6;;;;
83222;10/09/1980;0000;;27.2;19.2;5.4;81;2.566667;
83222;10/09/1980;1200;31.3;;19.2;;;;
83222;11/09/1980;0000;;26.3;;1.9;83;3.066667;
83222;11/09/1980;1200;0.3;;18.8;;;;
83222;12/09/1980;0000;;26.2;;6.4;78.5;3.066667;
83222;12/09/1980;1200;0.3;;18;;;;
83222;13/09/1980;0000;;26.5;;7.9;81.25;3.066667;
83222;13/09/1980;1200;3;;18.3;;;;
83222;14/09/1980;0000;;25.7;;3.8;86.75;3.066667;
83222;14/09/1980;1200;0.3;;18;;;;
83222;15/09/1980;0000;;26.5;;4.7;86.75;2.4;
83222;15/09/1980;1200;1.9;;18.9;;;;
83222;16/09/1980;0000;;28.7;;4.5;83.25;3.066667;
83222;16/09/1980;1200;0.2;;20.9;;;;
83222;17/09/1980;0000;;29.1;;7.2;83.25;3.066667;
83222;17/09/1980;1200;0;;20.3;;;;
83222;18/09/1980;0000;;27.9;;6.8;80.25;3.733333;
83222;18/09/1980;1200;0.5;;21.2;;;;
83222;19/09/1980;0000;;27.4;20.5;3.8;83.25;2.4;
83222;19/09/1980;1200;0.4;;20.5;;;;
83222;20/09/1980;0000;;25.7;;1.2;91.5;2.566667;
83222;20/09/1980;1200;1.1;;18.4;;;;
83222;21/09/1980;0000;;29.9;;8.3;79.25;2.4;
83222;21/09/1980;1200;2;;19.2;;;;
83222;22/09/1980;0000;;31.8;;7.6;76;1.9;
83222;22/09/1980;1200;0;;21.4;;;;
83222;23/09/1980;0000;;24.9;20.6;0;92.25;3.066667;
83222;23/09/1980;1200;0;;20.6;;;;
83222;24/09/1980;0000;;24.2;;0;94.5;2.4;
83222;24/09/1980;1200;26.8;;20.1;;;;
83222;25/09/1980;0000;;26.5;;0.8;88.5;1.1;
83222;25/09/1980;1200;5.5;;20;;;;
83222;26/09/1980;0000;;27.1;;0.7;86;3.833333;
83222;26/09/1980;1200;0;;19.8;;;;
83222;27/09/1980;0000;;23.8;;0.7;88.5;5.266667;
83222;27/09/1980;1200;0.1;;19.2;;;;
83222;28/09/1980;0000;;24;;0.5;84;3.733333;
83222;28/09/1980;1200;1;;19;;;;
83222;29/09/1980;0000;;25.3;;0;82.25;2.4;
83222;29/09/1980;1200;0.6;;19.3;;;;
83222;30/09/1980;0000;;25.8;;1.2;84.5;3.733333;
83222;30/09/1980;1200;0;;19.5;;;;
83222;01/10/1980;0000;;26.5;;8.2;77.5;4.5;
83222;01/10/1980;1200;1.5;;19.7;;;;
83222;02/10/1980;0000;;24.5;;0.1;84.5;3.733333;
83222;02/10/1980;1200;0.7;;19;;;;
83222;03/10/1980;0000;;25.9;19.6;4.1;82.5;2.566667;
83222;03/10/1980;1200;1.4;;19.6;;;;
83222;04/10/1980;0000;;26.4;;5.7;81.75;2.4;
83222;04/10/1980;1200;0.3;;18;;;;
83222;05/10/1980;0000;;27.2;;1.8;85.5;3.066667;
83222;05/10/1980;1200;0;;19.8;;;;
83222;06/10/1980;0000;;28;;5.1;81.25;3.066667;
83222;06/10/1980;1200;0.1;;18.4;;;;
83222;07/10/1980;0000;;28;;6.4;79.25;3.733333;
83222;07/10/1980;1200;0;;20.4;;;;
83222;08/10/1980;0000;;28.7;;6.8;79.75;4.5;
83222;08/10/1980;1200;1.6;;20;;;;
83222;09/10/1980;0000;;29;;6.9;79.75;3.066667;
83222;09/10/1980;1200;0.3;;20;;;;
83222;10/10/1980;0000;;31;;8.8;73.25;2.4;
83222;10/10/1980;1200;0;;19;;;;
83222;11/10/1980;0000;;29.6;;7.5;77.25;3.733333;
83222;11/10/1980;1200;0;;20.4;;;;
83222;12/10/1980;0000;;30.5;;7.4;76.25;2.4;
83222;12/10/1980;1200;0;;18.9;;;;
83222;13/10/1980;0000;;30.5;;6.2;73;3.733333;
83222;13/10/1980;1200;0;;20.4;;;;
83222;14/10/1980;0000;;28.8;;0.5;80.75;3.066667;
83222;14/10/1980;1200;0;;21.8;;;;
83222;15/10/1980;0000;;25.1;;0;90.75;2.566667;
83222;15/10/1980;1200;1.6;;20.3;;;;
83222;16/10/1980;0000;;25.3;;0;89.5;2.566667;
83222;16/10/1980;1200;18.9;;20;;;;
83222;17/10/1980;0000;;27.4;;5;80.75;3.066667;
83222;17/10/1980;1200;4.2;;20.9;;;;
83222;18/10/1980;0000;;27.3;21.7;5.8;85.5;4.5;
83222;18/10/1980;1200;19.3;;21.7;;;;
83222;19/10/1980;0000;;27.7;;5.8;84;3.066667;
83222;19/10/1980;1200;0;;20.1;;;;
83222;20/10/1980;0000;;28.4;;8.5;78.75;3.066667;
83222;20/10/1980;1200;0;;19.1;;;;
83222;21/10/1980;0000;;28.8;;9.9;73.25;3.833333;
83222;21/10/1980;1200;0;;18;;;;
83222;22/10/1980;0000;;28.7;;10.3;75.25;3.733333;
83222;22/10/1980;1200;0;;18;;;;
83222;23/10/1980;0000;;30;;8.8;75;2.4;
83222;23/10/1980;1200;0;;18.7;;;;
83222;24/10/1980;0000;;27.6;;1.5;84.5;3.066667;
83222;24/10/1980;1200;0;;20.4;;;;
83222;25/10/1980;0000;;26.3;;3.7;85.75;3.066667;
83222;25/10/1980;1200;0;;20.2;;;;
83222;26/10/1980;0000;;26.8;;5;75.75;3.066667;
83222;26/10/1980;1200;3.2;;20;;;;
83222;27/10/1980;0000;;28.8;;7.3;79.75;2.566667;
83222;27/10/1980;1200;0.5;;18.3;;;;
83222;28/10/1980;0000;;29.9;;9.8;76.75;2.4;
83222;28/10/1980;1200;0;;17.7;;;;
83222;29/10/1980;0000;;30.9;;9.4;69.75;2.4;
83222;29/10/1980;1200;0;;20.1;;;;
83222;30/10/1980;0000;;30.6;;8.9;71.5;3.066667;
83222;30/10/1980;1200;0;;20.5;;;;
83222;31/10/1980;0000;;32.6;;6.8;69.75;2.4;
83222;31/10/1980;1200;0;;21.9;;;;
83222;01/11/1980;0000;;30.3;;0.3;81;3.066667;
83222;01/11/1980;1200;0;;21.7;;;;
83222;02/11/1980;0000;;25.1;;0.1;89.5;1.9;
83222;02/11/1980;1200;0;;20.3;;;;
83222;03/11/1980;0000;;26.7;;1.3;84.5;2.4;
83222;03/11/1980;1200;0.8;;20.8;;;;
83222;04/11/1980;0000;;24.6;;0;90;3.733333;
83222;04/11/1980;1200;0.2;;20;;;;
83222;05/11/1980;0000;;28.5;;1.1;82.5;1.9;
83222;05/11/1980;1200;2.4;;20.3;;;;
83222;06/11/1980;0000;;26.5;;0.1;85.75;1.9;
83222;06/11/1980;1200;0;;21.1;;;;
83222;07/11/1980;0000;;25.5;;0;92.25;1.6;
83222;07/11/1980;1200;7.1;;20.9;;;;
83222;08/11/1980;0000;;29.6;;6;82.75;3.066667;
83222;08/11/1980;1200;2.2;;21;;;;
83222;09/11/1980;0000;;29.1;22.1;5.1;79.5;2.4;
83222;09/11/1980;1200;0;;22.1;;;;
83222;10/11/1980;0000;;29.5;;6.2;77.5;3.066667;
83222;10/11/1980;1200;0;;20.7;;;;
83222;11/11/1980;0000;;30.5;;9;77;3.066667;
83222;11/11/1980;1200;0;;20.3;;;;
83222;12/11/1980;0000;;31.2;;5.5;76;3.066667;
83222;12/11/1980;1200;0;;20.9;;;;
83222;13/11/1980;0000;;31.4;;6;76.25;3.833333;
83222;13/11/1980;1200;0;;21.8;;;;
83222;14/11/1980;0000;;29.3;;0.6;82.25;2.4;
83222;14/11/1980;1200;0;;21.3;;;;
83222;15/11/1980;0000;;29;;3.2;82.5;3.066667;
83222;15/11/1980;1200;0;;20.4;;;;
83222;16/11/1980;0000;;28.7;;3.6;80.75;3.066667;
83222;16/11/1980;1200;0;;20.6;;;;
83222;17/11/1980;0000;;31;;9.1;76.25;1.9;
83222;17/11/1980;1200;0;;21.1;;;;
83222;18/11/1980;0000;;30.4;;7.4;75.5;2.566667;
83222;18/11/1980;1200;0;;20.3;;;;
83222;19/11/1980;0000;;27.9;;4.6;78;3.066667;
83222;19/11/1980;1200;2;;20.6;;;;
83222;20/11/1980;0000;;30.9;;3.1;73.5;3.066667;
83222;20/11/1980;1200;1.2;;21.3;;;;
83222;21/11/1980;0000;;31.5;;8.5;72;3.066667;
83222;21/11/1980;1200;0;;20.7;;;;
83222;22/11/1980;0000;;29.9;20.8;4.1;83.5;2.266667;
83222;22/11/1980;1200;0;;20.8;;;;
83222;23/11/1980;0000;;30.5;;9;73.5;3.333333;
83222;23/11/1980;1200;2.8;;21.5;;;;
83222;24/11/1980;0000;;31.8;;7.9;72.5;2.4;
83222;24/11/1980;1200;0;;20.4;;;;
83222;25/11/1980;0000;;30;;2.1;84.5;2.4;
83222;25/11/1980;1200;0;;22.1;;;;
83222;26/11/1980;0000;;30;;0.6;77.25;2.4;
83222;26/11/1980;1200;0.3;;22.5;;;;
83222;27/11/1980;0000;;25.8;22;0;92.25;2.4;
83222;27/11/1980;1200;2.5;;22;;;;
83222;28/11/1980;0000;;29.1;;1.6;86;3.066667;
83222;28/11/1980;1200;2.7;;21;;;;
83222;29/11/1980;0000;;28.5;;1.7;83;2.4;
83222;29/11/1980;1200;1.9;;21.4;;;;
83222;30/11/1980;0000;;30.8;;6.8;76.75;3.066667;
83222;30/11/1980;1200;5.5;;22;;;;
83222;01/12/1980;0000;;31.1;;7.2;71.75;2.4;
83222;01/12/1980;1200;0;;21.2;;;;
83222;02/12/1980;0000;;31.2;;5.1;75.75;3.733333;
83222;02/12/1980;1200;0;;21.3;;;;
83222;03/12/1980;0000;;30.8;;1.3;78;2.4;
83222;03/12/1980;1200;0;;23;;;;
83222;04/12/1980;0000;;31.9;;4;69.25;2.566667;
83222;04/12/1980;1200;0;;22.4;;;;
83222;05/12/1980;0000;;32.2;;5.7;72.5;4.4;
83222;05/12/1980;1200;0;;22.1;;;;
83222;06/12/1980;0000;;33;;6.2;73.5;2.4;
83222;06/12/1980;1200;0;;23;;;;
83222;07/12/1980;0000;;32.9;;7.1;70.25;2.4;
83222;07/12/1980;1200;0;;22.7;;;;
83222;08/12/1980;0000;;31.4;;5.2;69.25;3.066667;
83222;08/12/1980;1200;0;;21.9;;;;
83222;09/12/1980;0000;;33.8;;6.7;69;2.4;
83222;09/12/1980;1200;0;;22.4;;;;
83222;10/12/1980;0000;;33;;4.7;76;3.066667;
83222;10/12/1980;1200;0;;22.8;;;;
83222;11/12/1980;0000;;32.3;;2.7;73.5;3.733333;
83222;11/12/1980;1200;0;;22.4;;;;
83222;12/12/1980;0000;;33.2;;6.1;69;3.733333;
83222;12/12/1980;1200;0;;22.8;;;;
83222;13/12/1980;0000;;33.6;;7.4;67.5;2.4;
83222;13/12/1980;1200;0;;23.2;;;;
83222;14/12/1980;0000;;33.2;;7.3;60.75;1.6;
83222;14/12/1980;1200;0;;22.6;;;;
83222;15/12/1980;0000;;33.1;;5.8;71;2.4;
83222;15/12/1980;1200;0;;21.2;;;;
83222;16/12/1980;0000;;32.9;;3;72.25;3.066667;
83222;16/12/1980;1200;0;;23;;;;
83222;17/12/1980;0000;;32.1;;2.8;82.5;2.4;
83222;17/12/1980;1200;0;;23;;;;
83222;18/12/1980;0000;;29.8;;2.5;82;3.066667;
83222;18/12/1980;1200;3.8;;22.9;;;;
83222;19/12/1980;0000;;28.9;;1.5;86.75;2.4;
83222;19/12/1980;1200;8.2;;21.7;;;;
83222;20/12/1980;0000;;28.2;;1.8;85.25;3.733333;
83222;20/12/1980;1200;7.5;;21.2;;;;
83222;21/12/1980;0000;;31;;8.9;77.5;1.5;
83222;21/12/1980;1200;0.4;;20.7;;;;
83222;22/12/1980;0000;;30;;1.4;90;0.6;
83222;22/12/1980;1200;0;;21.8;;;;
83222;23/12/1980;0000;;29.6;;4;83.75;3.066667;
83222;23/12/1980;1200;4.4;;21.5;;;;
83222;24/12/1980;0000;;30.8;;8.5;74;2.4;
83222;24/12/1980;1200;0;;21.6;;;;
83222;25/12/1980;0000;;30.5;;6.3;75;3.833333;
83222;25/12/1980;1200;0;;21.2;;;;
83222;26/12/1980;0000;;30.1;;5.4;81.5;2.566667;
83222;26/12/1980;1200;0;;20.9;;;;
83222;27/12/1980;0000;;30.2;;1.7;82;1.9;
83222;27/12/1980;1200;0;;20.9;;;;
83222;28/12/1980;0000;;29.5;;2.8;91.25;1.9;
83222;28/12/1980;1200;4.3;;22.2;;;;
83222;29/12/1980;0000;;30;;1.9;78;2.4;
83222;29/12/1980;1200;0;;20.8;;;;
83222;30/12/1980;0000;;32;;6.2;67.25;3.066667;
83222;30/12/1980;1200;0;;20.8;;;;
83222;31/12/1980;0000;;32;;5.2;65.25;2.4;
83222;31/12/1980;1200;0;;21.6;;;;